Thai Express, 944A28, 60, 0, 100, 0, 200, 120, 1
Poundland, 944A28, 60, 0, 100, 0, 200, 120, 1
Greggs, 009FE2, 100, 0, 100, 0, 200, 100, 1
Tesco, 009FE2, 100, 0, 100, 0, 200, 100, 1
Costa, 009FE2, 120, 0, 100, 0, 200, 120, 1
Aston, D92F8B, 140, 0, 200, 0, 400, 140, 1
Curzon, D92F8B, 140, 0, 200, 0, 400, 140, 1
Milennium Point, D92F8B, 160, 0, 200, 0, 400, 160, 1
Sainsbury's, F39200, 180, 0, 200, 0, 400, 180, 1
Subway, F39200, 180, 0, 200, 0, 400, 180, 1
Coffee Bar, F39200, 200, 0, 300, 0, 600, 200, 1
Boots, E30613, 220, 0, 300, 0, 600, 220, 1
Zara, E30613, 220, 0, 300, 0, 600, 220, 1
House of Fraser, E30613, 240, 0, 300, 0, 600, 240, 1
Rudy's, FFEC02, 260, 0, 300, 0, 600, 260, 1
Selfridges, FFEC02, 260, 0, 300, 0, 600, 260, 1
Hugo Boss, FFEC02, 280, 0, 300, 0, 600, 280, 1
Wing Stop, 00973F, 300, 0, 400, 0, 800, 300, 1
Alam, 00973F, 300, 0, 400, 0, 800, 300, 1
Green Lane Mosque, 00973F, 320, 0, 400, 0, 800, 320, 1
STEAMHouse, 004F9F, 350, 0, 400, 0, 800, 350, 1
Onyx, 004F9F, 400, 0, 400, 0, 800, 400, 1
New Street, 010101, 200, 200, 1
Moor Street, 010101, 200, 200, 1
National Express, 010101, 200, 200, 1
Snow Hill, 010101, 200, 200, 1